function RubiksCube()

global cmenu;
global text_help;
global text_error;
global text_solved;
global text_not_solvable;
global button_solve;
global button_next;
global button_prev;
global button_group;
global rotation_buttons;
global turn_list;
global solve_step;
global checkbox_arrows;


possible_colors = [[1,1,1]; [1,0,0]; [0,0,1]; [1,0.6,0]; [0,1,0]; [1,1,0]];

face_positions = [[[0,1,1,0], [3,3,2,2], [3,3,3,3]],  [[1,2,2,1], [3,3,2,2], [3,3,3,3]], [[2,3,3,2],[3,3,2,2],[3,3,3,3]], [[2,3,3,2],[2,2,1,1],[3,3,3,3]], [[2,3,3,2],[1,1,0,0],[3,3,3,3]], [[1,2,2,1],[1,1,0,0],[3,3,3,3]], [[0,1,1,0],[1,1,0,0],[3,3,3,3]], [[0,1,1,0],[2,2,1,1],[3,3,3,3]]; % white
    [[0,1,1,0], [0,0,0,0], [3,3,2,2]],  [[1,2,2,1], [0,0,0,0], [3,3,2,2]], [[2,3,3,2],[0,0,0,0],[3,3,2,2]], [[2,3,3,2],[0,0,0,0],[2,2,1,1]], [[2,3,3,2],[0,0,0,0],[1,1,0,0]], [[1,2,2,1],[0,0,0,0],[1,1,0,0]], [[0,1,1,0],[0,0,0,0],[1,1,0,0]], [[0,1,1,0],[0,0,0,0],[2,2,1,1]]; % red
    [[3,3,3,3], [0,1,1,0], [3,3,2,2]],  [[3,3,3,3], [1,2,2,1], [3,3,2,2]], [[3,3,3,3],[2,3,3,2],[3,3,2,2]], [[3,3,3,3],[2,3,3,2],[2,2,1,1]], [[3,3,3,3],[2,3,3,2],[1,1,0,0]], [[3,3,3,3],[1,2,2,1],[1,1,0,0]], [[3,3,3,3],[0,1,1,0],[1,1,0,0]], [[3,3,3,3],[0,1,1,0],[2,2,1,1]]; % blue
    [[3,2,2,3], [3,3,3,3], [3,3,2,2]],  [[2,1,1,2], [3,3,3,3], [3,3,2,2]], [[1,0,0,1],[3,3,3,3],[3,3,2,2]], [[1,0,0,1],[3,3,3,3],[2,2,1,1]], [[1,0,0,1],[3,3,3,3],[1,1,0,0]], [[2,1,1,2],[3,3,3,3],[1,1,0,0]], [[3,2,2,3],[3,3,3,3],[1,1,0,0]], [[3,2,2,3],[3,3,3,3],[2,2,1,1]]; % orange
    [[0,0,0,0], [3,2,2,3], [3,3,2,2]],  [[0,0,0,0], [2,1,1,2], [3,3,2,2]], [[0,0,0,0],[1,0,0,1],[3,3,2,2]], [[0,0,0,0],[1,0,0,1],[2,2,1,1]], [[0,0,0,0],[1,0,0,1],[1,1,0,0]], [[0,0,0,0],[2,1,1,2],[1,1,0,0]], [[0,0,0,0],[3,2,2,3],[1,1,0,0]], [[0,0,0,0],[3,2,2,3],[2,2,1,1]]; % green
    [[0,1,1,0], [0,0,1,1], [0,0,0,0]],  [[1,2,2,1], [0,0,1,1], [0,0,0,0]], [[2,3,3,2],[0,0,1,1],[0,0,0,0]], [[2,3,3,2],[1,1,2,2],[0,0,0,0]], [[2,3,3,2],[2,2,3,3],[0,0,0,0]], [[1,2,2,1],[2,2,3,3],[0,0,0,0]], [[0,1,1,0],[2,2,3,3],[0,0,0,0]], [[1,0,0,1],[1,1,2,2],[0,0,0,0]]];% yellow

arrow_positions = [2.5,  2.1,  2.9,   1.9,  1.1,  1.1,   3.1, 3.1, 3.1,   2.5,  2.1,  2.9,  -0.1, -0.1, -0.1,   1.9, 1.1, 1.1,  2.5, 2.1, 2.9,  1.1, 1.9, 1.9,  -0.1, -0.1, -0.1,  2.5, 2.1, 2.9,  3.1, 3.1, 3.1,  1.1, 1.9, 1.9; % R
    2.5,  2.9,  2.1,  -0.1, -0.1, -0.1,   1.1, 1.9, 1.9,   2.5,  2.9,  2.1,   1.1,  1.9,  1.9,   3.1, 3.1, 3.1,  2.5, 2.9, 2.1,  3.1, 3.1, 3.1,  1.9, 1.1, 1.1,  2.5, 2.1, 2.9,  1.9, 1.1, 1.1,  -0.1, -0.1, -0.1; % R'
    1.1,  1.9,  1.9,  -0.1, -0.1, -0.1,   2.5, 2.1, 2.9,  -0.1, -0.1, -0.1,   1.9,  1.1,  1.1,   2.5, 2.1, 2.9,  3.1, 3.1, 3.1,  1.1, 1.9, 1.9,  2.5, 2.1, 2.9,  1.9, 1.1, 1.1,  3.1, 3.1, 3.1,  2.5, 2.1, 2.9; % U
    -0.1, -0.1, -0.1,   1.1,  1.9,  1.9,   2.5, 2.9, 2.1,   1.9,  1.1,  1.1,  -0.1, -0.1, -0.1,   2.5, 2.9, 2.1,  1.1, 1.9, 1.9,  3.1, 3.1, 3.1,  2.5, 2.9, 2.1,  3.1, 3.1, 3.1,  1.9, 1.1, 1.1,  2.5, 2.9, 2.1; % U'
    0.5,  0.9,  0.1,   1.1,  1.9,  1.9,   3.1, 3.1, 3.1,   0.5,  0.9,  0.1,  -0.1, -0.1, -0.1,   1.1, 1.9, 1.9,  0.5, 0.9, 0.1,  3.1, 3.1, 3.1,  1.9, 1.1, 1.1,  0.5, 0.9, 0.1,  1.9, 1.1, 1.1,  -0.1, -0.1, -0.1; % L
    0.5,  0.1,  0.9,  -0.1, -0.1, -0.1,   1.9, 1.1, 1.1,   0.5,  0.1,  0.9,   1.9,  1.1,  1.1,   3.1, 3.1, 3.1,  0.5, 0.1, 0.9,  1.1, 1.9, 1.9,  -0.1, -0.1, -0.1,  0.5, 0.1, 0.9,  3.1, 3.1, 3.1,  1.1, 1.9, 1.9; % L'
    -0.1, -0.1, -0.1,   1.1,  1.9,  1.9,   0.5, 0.9, 0.1,   1.9,  1.1,  1.1,  -0.1, -0.1, -0.1,   0.5, 0.9, 0.1,  1.1, 1.9, 1.9,  3.1, 3.1, 3.1,  0.5, 0.9, 0.1,  3.1, 3.1, 3.1,  1.9, 1.1, 1.1,  0.5, 0.9, 0.1; % D
    1.1,  1.9,  1.9,  -0.1, -0.1, -0.1,   0.5, 0.1, 0.9,  -0.1, -0.1, -0.1,   1.9,  1.1,  1.1,   0.5, 0.1, 0.9,  3.1, 3.1, 3.1,  1.1, 1.9, 1.9,  0.5, 0.1, 0.9,  1.9, 1.1, 1.1,  3.1, 3.1, 3.1,  0.5, 0.1, 0.9; % D'
    -0.1, -0.1, -0.1,   0.5,  0.9,  0.1,   1.9, 1.1, 1.1,   1.9,  1.1,  1.1,   0.5,  0.9,  0.1,   3.1, 3.1, 3.1,  1.1, 1.9, 1.9,  0.5, 0.9, 0.1,  -0.1, -0.1, -0.1,  3.1, 3.1, 3.1,  0.5, 0.9, 0.1,  1.1, 1.9, 1.9; % F
    1.1,  1.9,  1.9,   0.5,  0.1,  0.9,   3.1, 3.1, 3.1,  -0.1, -0.1, -0.1,   0.5,  0.1,  0.9,   1.1, 1.9, 1.9,  3.1, 3.1, 3.1,  0.5, 0.1, 0.9,  1.9, 1.1, 1.1,  1.9, 1.1, 1.1,  0.5, 0.9, 0.1,  -0.1, -0.1, -0.1; % F'
    1.1,  1.9,  1.9,   2.5,  2.1,  2.9,   3.1, 3.1, 3.1,  -0.1, -0.1, -0.1,   2.5,  2.1,  2.9,   1.1, 1.9, 1.9,  3.1, 3.1, 3.1,  2.5, 2.1, 2.9,  1.9, 1.1, 1.1,  1.9, 1.1, 1.1,  2.5, 2.1, 2.9,  -0.1, -0.1, -0.1; % B
    -0.1, -0.1, -0.1,   2.5,  2.9,  2.1,   1.9, 1.1, 1.1,   1.9,  1.1,  1.1,   2.5,  2.9,  2.1,   3.1, 3.1, 3.1,  1.1, 1.9, 1.9,  2.5, 2.9, 2.1,  -0.1, -0.1, -0.1,  3.1, 3.1, 3.1,  2.5, 2.9, 2.1,  1.1, 1.9, 1.9; % B'
    ];
rotation_button_labels = {'R', 'R''', 'U', 'U''', 'L', 'L''', 'D', 'D''', 'F', 'F''', 'B', 'B'''};

face_color=zeros(6,8);
